inf
1.311627579770458851e+03
9.274607560469906957e+02
7.572685362570117604e+02
6.558137898852294256e+02
5.865776859060548531e+02
5.354697171665440010e+02
4.957486269723096939e+02
4.637303780234953479e+02
4.372091932568196739e+02
4.147730593968840935e+02
3.954705951618689710e+02
3.786342681285058802e+02
3.637800379365480126e+02
3.505472158960403704e+02
3.386607848584884550e+02
3.279068949426147128e+02
3.181164148745209559e+02
3.091535853489969554e+02
3.009080037779086183e+02
2.932888429530274266e+02
2.862206032328503511e+02
2.796399395988374295e+02
2.734932562569363768e+02
2.677348585832720005e+02
2.623255159540917703e+02
2.572313316852325897e+02
2.524228454190039201e+02
2.478743134861548469e+02
2.435631269878234377e+02
2.394693374953956777e+02
2.355752676113210669e+02
2.318651890117476739e+02
2.283250545732865930e+02
2.249422741645268786e+02
2.217055259324540373e+02
2.186045966284098370e+02
2.156302458360401886e+02
2.127740899846664604e+02
2.100285028284782527e+02
2.073865296984420468e+02
2.048418133296003134e+02
2.023885294612527730e+02
2.000213307238093705e+02
1.977352975809344855e+02
1.955258953020182844e+02
1.933889361080698563e+02
1.913205457716220224e+02
1.893171340642529401e+02
1.873753685386369625e+02
1.854921512093981733e+02
1.836645977614433605e+02
1.818900189682740063e+02
1.801659040479243288e+02
1.784899057221813052e+02
1.768598267768477115e+02
1.752736079480201852e+02
1.737293169824884842e+02
1.722251387400901592e+02
1.707593662227297386e+02
1.693303924292442275e+02
1.679367029477452036e+02
1.665768692078007689e+02
1.652495423241032313e+02
1.639534474713073564e+02
1.626873787367147202e+02
1.614501944035594647e+02
1.602408126229623804e+02
1.590582074372604779e+02
1.579014051214894891e+02
1.567694808133682329e+02
1.556615554052775963e+02
1.545767926744984777e+02
1.535143966304187870e+02
1.524736090595862947e+02
1.514537072514023635e+02
1.504540018889543092e+02
1.494738350910012628e+02
1.485125785924749380e+02
1.475696320520626728e+02
1.466444214765137133e+02
1.457363977522732057e+02
1.448450352759093107e+02
1.439698306755729789e+02
1.431103016164251756e+02
1.422659856835908272e+02
1.414364393367627315e+02
1.406212369310868837e+02
1.398199697994187147e+02
1.390322453914559446e+02
1.382576864656280407e+02
1.374959303299640396e+02
1.367466281284681884e+02
1.360094441698143441e+02
1.352840552954251621e+02
1.345701502842334492e+02
1.338674292916360002e+02
1.331756033203425602e+02
1.324943937209986871e+02
1.318235317206230093e+02
1.311627579770458851e+02
1.305118221576725830e+02
1.298704825410161732e+02
1.292385056395605147e+02
1.286156658426162949e+02
1.280017450779298827e+02
1.273965324908921417e+02
1.267998241402754616e+02
1.262114227095019601e+02
1.256311372325148170e+02
1.250587828333871556e+02
1.244941804788629867e+02
1.239371567430774235e+02
1.233875435837542227e+02
1.228451781292248342e+02
1.223099024756558606e+02
1.217815634939117189e+02
1.212600126455159852e+02
1.207451058072092849e+02
1.202367031036330047e+02
1.197346687476978389e+02
1.192388708882235306e+02
1.187491814644614863e+02
1.182654760671358076e+02
1.177876338056605334e+02
1.173155371812109848e+02
1.168490719653467806e+02
1.163881270839019919e+02
1.159325945058738370e+02
1.154823691370584982e+02
1.150373487181951191e+02
1.145974337273949146e+02
1.141625272866432965e+02
1.137325350721758070e+02
1.133073652285396093e+02
1.128869282861628278e+02
1.124711370822634393e+02
1.120599066849393353e+02
1.116531543202894738e+02
1.112507993024236157e+02
1.108527629662270186e+02
1.104589686027520941e+02
1.100693413971172703e+02
1.096838083687984380e+02
1.093022983142049185e+02
1.089247417514373666e+02
1.085510708671303917e+02
1.081812194652873984e+02
1.078151229180200943e+02
1.074527181181094022e+02
1.070939434333087945e+02
1.067387386623147876e+02
1.063870449923332302e+02
1.060388049581736425e+02
1.056939624028067186e+02
1.053524624393236877e+02
1.050142514142391263e+02
1.046792768720813172e+02
1.043474875212172037e+02
1.040188332008614083e+02
1.036932648492210234e+02
1.033707344727304758e+02
1.030511951163323232e+02
1.027346008347625173e+02
1.024209066648001567e+02
1.021100685984436041e+02
1.018020435569766704e+02
1.014967893658903080e+02
1.011942647306263865e+02
1.008944292131122324e+02
1.005972432090553639e+02
1.003026679259695584e+02
1.000106653619046853e+02
9.972119828485375592e+01
9.943423021281171259e+01
9.914972539446193878e+01
9.886764879046724275e+01
9.858796605534291757e+01
9.831064351989060413e+01
9.803564817417301924e+01
9.776294765100914219e+01
9.749251020997202488e+01
9.722430472187066641e+01
9.695830065369889894e+01
9.669446805403492817e+01
9.643277753887537074e+01
9.617320027788885284e+01
9.591570798107449036e+01
9.566027288581101118e+01
9.540686774428345984e+01
9.515546581127428283e+01
9.490604083230640242e+01
9.465856703212647005e+01
9.441301910351660354e+01
9.416937219642392165e+01
9.392760190739684845e+01
9.368768426931848126e+01
9.344959574142683323e+01
9.321331319961247175e+01
9.297881392698502623e+01
9.274607560469908663e+01
9.251507630303171936e+01
9.228579447270300307e+01
9.205820893643216607e+01
9.183229888072168023e+01
9.160804384786177934e+01
9.138542372814910664e+01
9.116441875231210190e+01
9.094500948413700314e+01
9.072717681328802541e+01
9.051090194831600400e+01
9.029616640984943388e+01
9.008295202396216439e+01
8.987124091571286044e+01
8.966101550285046073e+01
8.945225848968098603e+01
8.924495286109065262e+01
8.903908187672064400e+01
8.883462906528897918e+01
8.863157821905525680e+01
8.842991338842385574e+01
8.822961887668157033e+01
8.803067923486592861e+01
8.783307925675990191e+01
8.763680397401009259e+01
8.744183865136393763e+01
8.724816878202328496e+01
8.705578008311054816e+01
8.686465849124424210e+01
8.667479015822112842e+01
8.648616144680156026e+01
8.629875892659531189e+01
8.611256937004507961e+01
8.592757974850492531e+01
8.574377722841086324e+01
8.556114916754135891e+01
8.537968311136486932e+01
8.519936678947240694e+01
8.502018811209249805e+01
8.484213516668653199e+01
8.466519621462211376e+01
8.448935968792255835e+01
8.431461418609006842e+01
8.414094847300131619e+01
8.396835147387260179e+01
8.379681227229355045e+01
8.362632010732707499e+01
8.345686437067395502e+01
8.328843460390038445e+01
8.312102049572689566e+01
8.295461187937682723e+01
8.278919872998309870e+01
8.262477116205161565e+01
8.246131942697974182e+01
8.229883391062875830e+01
8.213730513094860441e+01
8.197672373565367820e+01
8.181708049994857390e+01
8.165836632430215047e+01
8.150057223226903602e+01
8.134368936835736008e+01
8.118770899594115065e+01
8.103262249521691274e+01
8.087842136120283953e+01
8.072509720177973236e+01
8.057264173577267741e+01
8.042104679107235654e+01
8.027030430279519635e+01
8.012040631148119019e+01
7.997134496132872528e+01
7.982311249846522117e+01
7.967570126925319585e+01
7.952910371863023897e+01
7.938331238848276428e+01
7.923831991605233327e+01
7.909411903237379704e+01
7.895070256074474457e+01
7.880806341522526282e+01
7.866619459916736901e+01
7.852508920377368895e+01
7.838474040668411646e+01
7.824514147059042557e+01
7.810628574187794015e+01
7.796816664929339424e+01
7.783077770263879813e+01
7.769411249149058563e+01
7.755816468394316132e+01
7.742292802537687635e+01
7.728839633724923885e+01
7.715456351590934503e+01
7.702142353143482012e+01
7.688897042649058733e+01
7.675719831520939351e+01
7.662610138209311117e+01
7.649567388093485931e+01
7.636591013376103376e+01
7.623680452979314737e+01
7.610835152442885487e+01
7.598054563824176455e+01
7.585338145599973814e+01
7.572685362570118173e+01
7.560095685762895812e+01
7.547568592342150851e+01
7.535103565516082824e+01
7.522700094447715458e+01
7.510357674166949948e+01
7.498075805484228340e+01
7.485853994905724562e+01
7.473691754550063138e+01
7.461588602066522924e+01
7.449544060554681835e+01
7.437557658485492595e+01
7.425628929623746899e+01
7.413757412951910908e+01
7.401942652595283789e+01
7.390184197748466488e+01
7.378481602603133638e+01
7.366834426277014813e+01
7.355242232744150499e+01
7.343704590766323292e+01
7.332221073825685664e+01
7.320791260058524585e+01
7.309414732190172970e+01
7.298091077471032406e+01
7.286819887613660285e+01
7.275600758730959683e+01
7.264433291275371118e+01
7.253317089979124432e+01
7.242251763795465536e+01
7.231236925840885021e+01
7.220272193338301747e+01
7.209357187561192859e+01
7.198491533778648943e+01
7.187674861201340093e+01
7.176906802928370155e+01
7.166186995895004941e+01
7.155515080821258778e+01
7.144890702161315232e+01
7.134313508053776332e+01
7.123783150272717535e+01
7.113299284179541360e+01
